	35.6995,139.76439,
	35.6995,139.76447,
	35.69938,139.76482,
	35.69933,139.7652,
	35.69928,139.76562,
	35.69901,139.76608,
	35.69843,139.76626,
	35.69833,139.7666,
	35.69816,139.76683,
	35.69833,139.76716,
	35.69788,139.76749,
	35.69784,139.7678,
	35.69787,139.76867,
	35.69824,139.76856,
	35.69865,139.76872,
	35.69843,139.76904,
	35.69852,139.76969,
	35.69904,139.76967,
	35.69941,139.77023,
	35.69959,139.77054,
	35.69959,139.77054,
	35.69936,139.77108,
	35.69893,139.77111,
	35.69869,139.77115,
	35.69824,139.77143,
	35.6981,139.77194,
	35.69799,139.77225,
	35.69806,139.77239,
	35.69824,139.77225,
	35.69771,139.77246,
	35.69768,139.7714,
	35.69715,139.77165,
	35.69691,139.7711,
	35.69662,139.77093,
	35.6964,139.77157,
	35.69588,139.7711,
	35.69556,139.77061,
	35.69543,139.77044,
	35.69522,139.76982,
	35.69568,139.76938,
	35.69596,139.7698,
	35.69595,139.76982,
	35.69598,139.77034,
	35.69666,139.77007,
	35.69647,139.76962,
	35.69644,139.76931,
	35.69667,139.7691,
	35.69695,139.7687,
	35.69708,139.76771,
	35.69652,139.76778,
	35.69605,139.76803,
	35.6961,139.76876,
	35.69527,139.76846,
	35.6949,139.76879,
	35.69432,139.76865,
	35.69384,139.76879,
	35.69334,139.76881,
	35.69302,139.7694,
	35.69348,139.7696,
	35.69392,139.7695,
	35.69401,139.7702,
	35.69391,139.77069,
	35.69373,139.77063,
	35.69349,139.7703,
	35.69372,139.77111,
	35.69395,139.77155,
	35.69363,139.772,
	35.69343,139.77193,
	35.69333,139.77243,
	35.6936,139.77243,
	35.6946,139.77255,
	35.69554,139.77237,
	35.69547,139.77199,
	35.69552,139.77297,
	35.69607,139.77312,
	35.69577,139.77372,
	35.69668,139.77356,
	35.69675,139.77349,
	35.69709,139.77334,
	35.69738,139.77386,
	35.69791,139.7738,
	35.69797,139.77416,
	35.69825,139.77357,
	35.69874,139.77442,
	35.69881,139.7744,
	35.69889,139.77473,
	35.69894,139.77519,
	35.69927,139.77472,
	35.69963,139.7745,
	35.69988,139.77447,
	35.69956,139.77415,
	35.69973,139.77398,
	35.7002,139.77388,
	35.70045,139.77475,
	35.70016,139.7754,
	35.69965,139.77533,
	35.69922,139.7739,
	35.69913,139.77363,
	35.69973,139.77275,
	35.70021,139.77252,
	35.70045,139.77221,
	35.70088,139.77255,
	35.70106,139.77226,
	35.70132,139.77201,
	35.70159,139.77177,
	35.70188,139.77123,
	35.70187,139.77047,
	35.7015,139.77009,
	35.70139,139.77036,
	35.70093,139.77003,
	35.70058,139.77001,
	35.70029,139.76976,
	35.69993,139.76954,
	35.70001,139.7693,
	35.69996,139.76904,
	35.69988,139.76819,
	35.69936,139.76838,
	35.69973,139.76702,
	35.70026,139.76701,
	35.70033,139.76734,
	35.70011,139.76646,
	35.70053,139.76623,
	35.70112,139.76639,
	35.70139,139.76651,
	35.70112,139.76708,
	35.70108,139.76717,
	35.70154,139.76753,
	35.70149,139.76799,
	35.70137,139.76841,
	35.70142,139.76921,
	35.70194,139.76977,
	35.70239,139.76918,
	35.70227,139.76894,
	35.70282,139.76909,
	35.70275,139.76932,
	35.70336,139.76885,
	35.70373,139.76841,
	35.70338,139.76796,
	35.70341,139.76725,
	35.7038,139.7673,
	35.70403,139.76697,
	35.70382,139.76684,
	35.70384,139.76613,
	35.70356,139.76603,
	35.70319,139.76554,
	35.70263,139.76532,
	35.70227,139.76525,
	35.70215,139.76595,
	35.70184,139.76613,
	35.70177,139.76579,
	35.7018,139.76706,
	35.70224,139.76703,
	35.70232,139.7674,
	35.7027,139.76742,
	35.70269,139.76694,
	35.70311,139.76678,
	35.70302,139.76627,
	35.7037,139.76509,
	35.70401,139.76526,
	35.70409,139.76473,
	35.70423,139.76423,
	35.70463,139.76428,
	35.70449,139.76522,
	35.70525,139.76582,
	35.70555,139.76579,
	35.70587,139.76558,
	35.70668,139.76574,
	35.7069,139.76641,
	35.70682,139.76692,
	35.70667,139.76725,
	35.70662,139.76778,
	35.70642,139.76848,
	35.70667,139.76882,
	35.70639,139.76941,
	35.70667,139.76986,
	35.7065,139.7701,
	35.70658,139.77033,
	35.70703,139.76988,
	35.70722,139.76941,
	35.70755,139.76873,
	35.70771,139.76815,
	35.70734,139.76806,
	35.70781,139.76751,
	35.70758,139.76714,
	35.70768,139.76683,
	35.70728,139.76611,
	35.70694,139.76502,
	35.70732,139.76486,
	35.70685,139.7644,
	35.70686,139.76391,
	35.70738,139.76409,
	35.70771,139.76388,
	35.70798,139.76366,
	35.70829,139.76424,
	35.70811,139.76446,
	35.708,139.76512,
	35.70743,139.76292,
	35.70744,139.76238,
	35.70767,139.7619,
	35.70743,139.76178,
	35.70761,139.76132,
	35.70768,139.76125,
	35.70732,139.7612,
	35.7072,139.76048,
	35.70725,139.7599,
	35.70686,139.75967,
	35.70671,139.76023,
	35.70661,139.76058,
	35.7064,139.76144,
	35.70584,139.76172,
	35.70579,139.76232,
	35.70492,139.76224,
	35.70426,139.76213,
	35.70428,139.76156,
	35.70397,139.76163,
	35.70359,139.76192,
	35.70306,139.76162,
	35.70258,139.76177,
	35.70238,139.76233,
	35.70203,139.76217,
	35.70217,139.76279,
	35.70166,139.76264,
	35.70269,139.76345,
	35.70291,139.76397,
	35.70316,139.76417,
	35.70361,139.76385,
	35.70394,139.76351,
	35.70356,139.76311,
	35.7026,139.76462,
	35.70134,139.76414,
	35.70093,139.76434,
	35.70059,139.76428,
	35.70079,139.76392,
	35.69998,139.76323,
	35.69963,139.76302,
	35.6997,139.76227,
	35.70023,139.76219,
	35.7003,139.76156,
	35.70051,139.76089,
	35.70031,139.76027,
	35.7005,139.75971,
	35.70017,139.75942,
	35.7004,139.75887,
	35.70082,139.75848,
	35.70111,139.75785,
	35.70117,139.75754,
	35.70121,139.75686,
	35.70056,139.75687,
	35.70026,139.75597,
	35.70054,139.75583,
	35.70067,139.75542,
	35.70027,139.75545,
	35.69995,139.75577,
	35.69975,139.75542,
	35.69956,139.75487,
	35.6998,139.75437,
	35.69922,139.75432,
	35.69903,139.7544,
	35.69902,139.755,
	35.69881,139.75517,
	35.6985,139.75474,
	35.69822,139.75525,
	35.69789,139.75484,
	35.69756,139.75466,
	35.69762,139.75529,
	35.69777,139.75551,
	35.69764,139.75613,
	35.69779,139.75649,
	35.69792,139.757,
	35.69766,139.75746,
	35.69827,139.75764,
	35.69853,139.75699,
	35.69837,139.75627,
	35.69822,139.75589,
	35.69888,139.75585,
	35.69925,139.75622,
	35.69976,139.75688,
	35.69945,139.75757,
	35.69921,139.75791,
	35.6992,139.75819,
	35.69875,139.75831,
	35.69837,139.75865,
	35.69774,139.75871,
	35.69743,139.75916,
	35.69731,139.75964,
	35.69706,139.75995,
	35.69672,139.76011,
	35.69626,139.7602,
	35.69589,139.76052,
	35.69577,139.76077,
	35.69549,139.76096,
	35.69536,139.76099,
	35.69484,139.76059,
	35.69436,139.76094,
	35.6942,139.76084,
	35.69417,139.76104,
	35.69438,139.76163,
	35.69424,139.76213,
	35.69464,139.7621,
	35.69461,139.76291,
	35.69455,139.76326,
	35.69449,139.76373,
	35.69489,139.76363,
	35.69482,139.76445,
	35.69469,139.76492,
	35.69429,139.76463,
	35.6941,139.76509,
	35.69344,139.76582,
	35.69325,139.76683,
	35.69304,139.76756,
	35.69303,139.76796,
	35.6933,139.76785,
	35.69391,139.76757,
	35.69416,139.76731,
	35.69408,139.76689,
	35.69469,139.76693,
	35.69483,139.76638,
	35.6949,139.76577,
	35.69536,139.76575,
	35.69527,139.76505,
	35.69545,139.76453,
	35.69594,139.76526,
	35.69632,139.76498,
	35.69646,139.7648,
	35.69672,139.76496,
	35.69695,139.76481,
	35.69721,139.76445,
	35.69706,139.76386,
	35.69742,139.76374,
	35.69782,139.76383,
	35.69778,139.76413,
	35.69819,139.76405,
	35.69838,139.76404,
	35.69861,139.76353,
	35.69865,139.76293,
	35.69837,139.76274,
	35.69885,139.76262,
	35.69909,139.76226,
	35.69895,139.76183,
	35.6995,139.76095,
	35.69974,139.75986,
	35.69919,139.75937,
	35.69896,139.75966,
	35.6981,139.76029,
	35.69795,139.75996,
	35.69785,139.76055,
	35.69825,139.76109,
	35.69841,139.7609,
	35.69801,139.76144,
	35.69755,139.76192,
	35.6974,139.76175,
	35.69722,139.76132,
	35.6972,139.76085,
	35.69662,139.76121,
	35.69648,139.76145,
	35.69676,139.76206,
	35.69643,139.76257,
	35.6965,139.76306,
	35.69637,139.76358,
	35.69627,139.76404,
	35.69671,139.76405,
	35.69753,139.7631,
	35.69706,139.76272,
	35.69541,139.76187,
	35.69528,139.76179,
	35.69528,139.76249,
	35.69519,139.76278,
	35.6938,139.76171,
	35.69333,139.76236,
	35.69326,139.76286,
	35.69259,139.7629,
	35.69259,139.76234,
	35.69287,139.76199,
	35.69255,139.76093,
	35.69221,139.76086,
	35.69213,139.76111,
	35.69171,139.76128,
	35.69151,139.76062,
	35.69148,139.75987,
	35.69194,139.75915,
	35.69193,139.75881,
	35.69221,139.75866,
	35.69273,139.75899,
	35.693,139.75888,
	35.69311,139.75854,
	35.69346,139.75885,
	35.69378,139.7588,
	35.69385,139.75807,
	35.69438,139.7574,
	35.69481,139.75711,
	35.69494,139.75671,
	35.69522,139.75718,
	35.6958,139.75731,
	35.69611,139.75708,
	35.69654,139.75715,
	35.69691,139.75735,
	35.69663,139.75794,
	35.69617,139.75784,
	35.69608,139.75767,
	35.69581,139.75795,
	35.6956,139.75855,
	35.69526,139.75856,
	35.69524,139.75811,
	35.69475,139.75799,
	35.69483,139.75929,
	35.69467,139.75944,
	35.69424,139.75977,
	35.69358,139.76053,
	35.69314,139.76053,
	35.69306,139.75959,
	35.69299,139.75953,
	35.69265,139.75741,
	35.69369,139.75672,
	35.69421,139.75611,
	35.69422,139.75603,
	35.69515,139.75561,
	35.69555,139.75576,
	35.69577,139.75575,
	35.69579,139.75626,
	35.69639,139.7565,
	35.69704,139.75648,
	35.69711,139.75612,
	35.69715,139.75555,
	35.69659,139.75481,
	35.69657,139.75421,
	35.69717,139.75371,
	35.69793,139.75388,
	35.69847,139.75407,
	35.70074,139.75454,
	35.70124,139.75382,
	35.70162,139.75447,
	35.70159,139.75497,
	35.70223,139.75508,
	35.70233,139.75476,
	35.70295,139.75494,
	35.7029,139.75421,
	35.70365,139.75466,
	35.7037,139.75572,
	35.70324,139.75593,
	35.70313,139.75661,
	35.70325,139.75694,
	35.70345,139.7578,
	35.70318,139.75836,
	35.70282,139.75828,
	35.70247,139.75788,
	35.70206,139.7581,
	35.70207,139.75845,
	35.70209,139.75938,
	35.70264,139.75955,
	35.70301,139.75928,
	35.70314,139.75994,
	35.70372,139.75964,
	35.7036,139.75934,
	35.7041,139.76061,
	35.70465,139.76091,
	35.70517,139.76048,
	35.70539,139.76032,
	35.70552,139.76037,
	35.70545,139.7596,
	35.70496,139.75896,
	35.70474,139.75901,
	35.70525,139.75869,
	35.70571,139.75865,
	35.70625,139.75851,
	35.70555,139.75691,
	35.70498,139.75672,
	35.70493,139.75717,
	35.7047,139.75711,
	35.70498,139.75757,
	35.70444,139.75794,
	35.70431,139.75655,
	35.70481,139.75598,
	35.70251,139.75571,
	35.70211,139.75571,
	35.70207,139.75613,
	35.70197,139.7567,
	35.70187,139.75703,
	35.70006,139.75785,
	35.70013,139.7583,
	35.70104,139.75924,
	35.70095,139.76013,
	35.70205,139.76023,
	35.70206,139.76052,
	35.70255,139.76105,
	35.70285,139.76084,
	35.70327,139.76071,
	35.70564,139.76375,
	35.70595,139.76347,
	35.70657,139.76302,
	35.70672,139.76257,
	35.70809,139.76267,
	35.7077,139.76041,
	35.70556,139.76435,
	35.70556,139.76435,
	35.70546,139.76462,
	35.70522,139.76645,
	35.70474,139.7665,
	35.70457,139.76712,
	35.70487,139.7672,
	35.70447,139.76765,
	35.70439,139.76852,
	35.70433,139.76919,
	35.70468,139.76917,
	35.70444,139.76972,
	35.70402,139.76971,
	35.70407,139.77079,
	35.70374,139.77086,
	35.7037,139.77138,
	35.70327,139.77161,
	35.70281,139.77158,
	35.70266,139.77184,
	35.70233,139.77185,
	35.70269,139.77234,
	35.70278,139.7723,
	35.70302,139.77267,
	35.7023,139.77286,
	35.70298,139.7738,
	35.70288,139.7743,
	35.70253,139.77456,
	35.70179,139.77428,
	35.70073,139.773,
	35.70077,139.77163,
	35.70033,139.77127,
	35.70006,139.77122,
	35.69984,139.77173,
	35.69977,139.77183,
	35.69969,139.77174,
	35.6993,139.77232,
	35.69896,139.77182,
	35.69881,139.77047,
	35.69812,139.77037,
	35.69802,139.77006,
	35.6978,139.7705,
	35.69755,139.76995,
	35.69718,139.76975,
	35.69731,139.77084,
	35.69672,139.77237,
	35.69666,139.77413,
	35.69799,139.775,
	35.69814,139.77486,
	35.6983,139.77486,
	35.69793,139.77524,
	35.70043,139.77083,
	35.70044,139.77048,
	35.70106,139.77089,
	35.7028,139.77082,
	35.70307,139.77021,
	35.70385,139.77206,
	35.70413,139.77202,
	35.70439,139.77239,
	35.70378,139.77262,
	35.70358,139.77344,
	35.7036,139.77397,
	35.70442,139.77346,
	35.70479,139.77328,
	35.70497,139.77311,
	35.70509,139.77279,
	35.70558,139.77217,
	35.70477,139.77175,
	35.7056,139.77099,
	35.70586,139.77067,
	35.70529,139.77046,
	35.70538,139.76971,
	35.70597,139.76903,
	35.70581,139.76825,
	35.70601,139.76769,
	35.70516,139.76827,
	35.70241,139.76794,
	35.70214,139.76789,
	35.70056,139.76523,
	35.69957,139.76382,
	35.6987,139.76491,
	35.69831,139.76533,
	35.69819,139.76561,
	35.69761,139.76591,
	35.69732,139.76632,
	35.69743,139.76662,
	35.69706,139.76695,
	35.69661,139.76609,
	35.69672,139.7656,
	35.69658,139.76545,
	35.69744,139.76533,
	35.69789,139.76471,
	35.69629,139.76655,
	35.69566,139.7673,
	35.69547,139.76714,
	35.69536,139.76705,
	35.6952,139.76758,
	35.69494,139.76764,
	35.69469,139.7676,
	35.69473,139.76805,
	35.69411,139.7681,
	35.6954,139.76789,
	35.69439,139.77077,
	35.69477,139.77099,
	35.69295,139.77095,
	35.69261,139.77079,
	35.69221,139.77073,
	35.69253,139.77015,
	35.69269,139.76991,
	35.69226,139.76919,
	35.6922,139.7683,
	35.69241,139.76759,
	35.6918,139.76725,
	35.69151,139.76703,
	35.69123,139.76745,
	35.6913,139.76778,
	35.69154,139.7686,
	35.69148,139.76927,
	35.69224,139.76653,
	35.69262,139.76616,
	35.69174,139.766,
	35.69148,139.76619,
	35.69106,139.76595,
	35.69067,139.76636,
	35.69088,139.76531,
	35.69081,139.7648,
	35.69059,139.76472,
	35.69078,139.76441,
	35.69132,139.76453,
	35.6918,139.76361,
	35.69189,139.76344,
	35.6918,139.76304,
	35.69118,139.76334,
	35.69123,139.76258,
	35.69139,139.76236,
	35.6912,139.76178,
	35.69269,139.76346,
	35.69331,139.76376,
	35.69262,139.76435,
	35.6926,139.76474,
	35.69227,139.76505,
	35.69543,139.76021,
	35.69533,139.76002,
	35.69543,139.75932,
	35.69565,139.75942,
	35.69582,139.75906,
	35.6961,139.75951,
	35.69589,139.75973,
	35.69654,139.75907,
	35.69653,139.75864,
	35.69723,139.75851,
	35.69783,139.75933,
	35.69913,139.75729,
	35.69581,139.75503,
	35.69569,139.75471,
