	35.68046,139.77438,
	35.67969,139.77489,
	35.67827,139.78987,
	35.67735,139.78935,
	35.67741,139.78903,
	35.67732,139.78643,
	35.67666,139.78657,
	35.67691,139.78596,
	35.67629,139.78494,
	35.6765,139.7849,
	35.67634,139.78338,
	35.67645,139.78384,
	35.67748,139.7841,
	35.67775,139.78423,
	35.67883,139.78484,
	35.67989,139.78445,
	35.68129,139.78144,
	35.68089,139.78045,
	35.6807,139.78089,
	35.68021,139.7806,
	35.67766,139.77968,
	35.67784,139.78002,
	35.67758,139.78004,
	35.67715,139.78017,
	35.67651,139.78108,
	35.67633,139.78142,
	35.67635,139.78208,
	35.67741,139.78244,
	35.6778,139.78288,
	35.67835,139.78264,
	35.67861,139.78236,
	35.6786,139.78137,
	35.67923,139.78049,
	35.67899,139.78095,
	35.67942,139.78146,
	35.67919,139.78196,
	35.67917,139.78238,
	35.6791,139.78303,
	35.679,139.78328,
	35.67931,139.78383,
	35.67949,139.78376,
	35.67957,139.78339,
	35.67996,139.78291,
	35.67997,139.78326,
	35.68055,139.78313,
	35.68054,139.78259,
	35.68128,139.78265,
	35.68274,139.78347,
	35.68235,139.78363,
	35.68244,139.78395,
	35.68234,139.78442,
	35.68187,139.78424,
	35.68118,139.78482,
	35.681,139.78566,
	35.68165,139.78544,
	35.68186,139.78525,
	35.68257,139.78526,
	35.69077,139.79019,
	35.69196,139.78967,
	35.6923,139.7774,
	35.69236,139.77807,
	35.69211,139.77787,
	35.692,139.77759,
	35.6884,139.77584,
	35.68898,139.7765,
	35.68904,139.77621,
	35.69052,139.77627,
	35.69084,139.77536,
	35.68992,139.77526,
	35.68999,139.77457,
	35.68954,139.77434,
	35.68854,139.77458,
	35.68871,139.77524,
	35.68906,139.77481,
	35.68906,139.77455,
	35.6888,139.77393,
	35.68828,139.77397,
	35.68768,139.77327,
	35.68524,139.77269,
	35.68457,139.7732,
	35.68474,139.77439,
	35.68348,139.77523,
	35.68289,139.77551,
	35.68277,139.77505,
	35.68259,139.77531,
	35.6826,139.77557,
	35.68146,139.7761,
	35.68171,139.77546,
	35.68174,139.7748,
	35.68166,139.77439,
	35.682,139.77448,
	35.68249,139.77418,
	35.68271,139.774,
	35.68309,139.77388,
	35.68352,139.7739,
	35.68386,139.77429,
	35.68425,139.77442,
	35.6843,139.77501,
	35.68451,139.77521,
	35.68501,139.77824,
	35.68505,139.77768,
	35.68633,139.77724,
	35.68577,139.77769,
	35.68548,139.77791,
	35.68593,139.77853,
	35.68562,139.7789,
	35.68512,139.77898,
	35.68414,139.78057,
	35.68386,139.77995,
	35.68354,139.77854,
	35.68291,139.77831,
	35.68307,139.77888,
	35.68196,139.7796,
	35.68224,139.77938,
	35.68212,139.77912,
	35.68185,139.77924,
	35.68144,139.77862,
	35.68099,139.77929,
	35.68116,139.77899,
	35.68125,139.77876,
	35.68095,139.7785,
	35.67979,139.77841,
	35.67872,139.77727,
	35.6797,139.77719,
	35.67941,139.77731,
	35.67968,139.77771,
	35.67986,139.7775,
	35.68041,139.77795,
	35.68048,139.77819,
	35.68022,139.7787,
	35.68002,139.77956,
	35.67938,139.77935,
	35.67861,139.77928,
	35.67863,139.77908,
	35.67905,139.7788,
	35.67906,139.778,
	35.67858,139.7783,
	35.67821,139.77821,
	35.67798,139.77792,
	35.67744,139.77817,
	35.67748,139.77782,
	35.67785,139.77696,
	35.67818,139.77653,
	35.6787,139.77648,
	35.67936,139.7762,
	35.67978,139.77646,
	35.68001,139.77684,
	35.68077,139.77686,
	35.68127,139.77738,
	35.68198,139.77779,
	35.68224,139.77806,
	35.68226,139.77784,
	35.68237,139.77724,
	35.68245,139.77655,
	35.68299,139.77687,
	35.6835,139.77665,
	35.68397,139.77719,
	35.6847,139.77649,
	35.68508,139.77606,
	35.68533,139.77619,
	35.68539,139.77584,
	35.68596,139.77609,
	35.68659,139.77555,
	35.68626,139.77529,
	35.68587,139.7755,
	35.68571,139.77497,
	35.68609,139.77428,
	35.68571,139.77435,
	35.68558,139.77405,
	35.6859,139.77394,
	35.68669,139.77348,
	35.68608,139.77295,
	35.68596,139.77339,
	35.68627,139.77358,
	35.68632,139.7738,
	35.68657,139.77417,
	35.68713,139.7741,
	35.68708,139.77418,
	35.6871,139.77437,
	35.6869,139.77476,
	35.68722,139.77507,
	35.68735,139.77558,
	35.68743,139.77635,
	35.68711,139.77638,
	35.68724,139.77729,
	35.68746,139.77797,
	35.68812,139.77741,
	35.68863,139.77781,
	35.68922,139.77801,
	35.68941,139.77756,
	35.68916,139.77719,
	35.68925,139.77699,
	35.68975,139.77664,
	35.69018,139.77699,
	35.69059,139.77708,
	35.6913,139.77723,
	35.69116,139.77737,
	35.69105,139.77759,
	35.69055,139.77835,
	35.69045,139.77829,
	35.69028,139.77878,
	35.68998,139.77857,
	35.68997,139.77896,
	35.68924,139.77969,
	35.68968,139.7801,
	35.6884,139.78286,
	35.68957,139.78322,
	35.68957,139.7823,
	35.68899,139.78177,
	35.68968,139.78123,
	35.6901,139.7809,
	35.69015,139.78062,
	35.69039,139.78008,
	35.6921,139.78121,
	35.69138,139.78177,
	35.69137,139.78209,
	35.69124,139.78341,
	35.69113,139.78318,
	35.69132,139.78278,
	35.6916,139.7826,
	35.69178,139.78302,
	35.69188,139.78346,
	35.69372,139.78304,
	35.69355,139.78242,
	35.69346,139.78101,
	35.69315,139.78114,
	35.69261,139.78067,
	35.6932,139.7797,
	35.69308,139.77998,
	35.69262,139.77956,
	35.69215,139.77903,
	35.69154,139.77859,
	35.69135,139.77926,
	35.69131,139.77909,
	35.69099,139.77912,
	35.69073,139.77953,
	35.69109,139.77992,
	35.69176,139.77995,
	35.69173,139.78066,
	35.69102,139.78091,
	35.69072,139.78128,
	35.69027,139.78164,
	35.69007,139.78204,
	35.69063,139.78249,
	35.69027,139.78281,
	35.6901,139.78343,
	35.69038,139.78374,
	35.68972,139.78676,
	35.69017,139.78575,
	35.69028,139.78494,
	35.69041,139.78494,
	35.69072,139.78485,
	35.69151,139.78498,
	35.6924,139.78462,
	35.69222,139.78464,
	35.69197,139.78444,
	35.69206,139.78415,
	35.69261,139.78388,
	35.69245,139.78354,
	35.69294,139.783,
	35.69325,139.78331,
	35.69367,139.78423,
	35.69326,139.78443,
	35.69377,139.7853,
	35.69323,139.78523,
	35.6927,139.78524,
	35.69284,139.78596,
	35.69263,139.78608,
	35.692,139.78608,
	35.69184,139.78704,
	35.69236,139.78682,
	35.69276,139.78707,
	35.69286,139.78756,
	35.69234,139.78761,
	35.69229,139.78797,
	35.69171,139.78809,
	35.69104,139.78782,
	35.69047,139.78858,
	35.69015,139.78793,
	35.68944,139.78807,
	35.68955,139.78843,
	35.6898,139.78891,
	35.68943,139.78906,
	35.6855,139.79099,
	35.68446,139.79075,
	35.68425,139.79129,
	35.68461,139.79177,
	35.68489,139.79194,
	35.68493,139.79218,
	35.68531,139.79225,
	35.68611,139.7921,
	35.68631,139.792,
	35.68664,139.79177,
	35.68662,139.79056,
	35.68605,139.78927,
	35.68634,139.78932,
	35.68649,139.78983,
	35.68732,139.78923,
	35.68698,139.78952,
	35.68677,139.789,
	35.68683,139.7884,
	35.6874,139.78831,
	35.68788,139.78828,
	35.6878,139.7879,
	35.68736,139.78716,
	35.68759,139.78694,
	35.68739,139.78663,
	35.687,139.78645,
	35.68658,139.78666,
	35.68654,139.78604,
	35.68458,139.78571,
	35.68462,139.78544,
	35.68438,139.7848,
	35.68462,139.78306,
	35.68495,139.78297,
	35.68646,139.78265,
	35.6861,139.78205,
	35.68593,139.78196,
	35.68608,139.78058,
	35.68541,139.78067,
	35.68529,139.78018,
	35.6854,139.77995,
	35.68562,139.77971,
	35.6863,139.77978,
	35.68731,139.77973,
	35.6869,139.77991,
	35.6867,139.7793,
	35.68672,139.77901,
	35.68724,139.77896,
	35.68767,139.77884,
	35.68853,139.77889,
	35.68833,139.77964,
	35.68858,139.78022,
	35.6885,139.78059,
	35.68841,139.78059,
	35.68814,139.78043,
	35.68776,139.78163,
	35.68741,139.78146,
	35.68698,139.78159,
	35.68693,139.78188,
	35.68691,139.78246,
	35.68705,139.78318,
	35.6872,139.78398,
	35.68675,139.78411,
	35.68651,139.7844,
	35.68654,139.78492,
	35.68728,139.78534,
	35.68743,139.78467,
	35.68797,139.78456,
	35.68811,139.78419,
	35.68895,139.78406,
	35.68954,139.78411,
	35.68953,139.78502,
	35.68878,139.78553,
	35.6884,139.78566,
	35.68866,139.78603,
	35.68876,139.78634,
	35.68902,139.78679,
	35.68883,139.78749,
	35.68862,139.78751,
	35.68838,139.78773,
	35.6882,139.788,
	35.6883,139.78856,
	35.68814,139.78894,
	35.68846,139.78936,
	35.68809,139.78977,
	35.68787,139.78982,
	35.68793,139.79038,
	35.68736,139.79036,
	35.6876,139.79082,
	35.68728,139.79123,
	35.68707,139.79149,
	35.68748,139.79234,
	35.68874,139.79195,
	35.68902,139.79259,
	35.68862,139.79299,
	35.68807,139.79262,
	35.68782,139.79357,
	35.68774,139.79302,
	35.68716,139.79342,
	35.68612,139.79435,
	35.68636,139.79381,
	35.68588,139.79379,
	35.68563,139.79404,
	35.68496,139.79439,
	35.68487,139.79394,
	35.68407,139.79435,
	35.68396,139.79384,
	35.683,139.79359,
	35.68181,139.79339,
	35.68209,139.79289,
	35.68179,139.79265,
	35.68055,139.79258,
	35.68089,139.79204,
	35.68054,139.79156,
	35.67959,139.79202,
	35.67889,139.79112,
	35.67975,139.79096,
	35.68,139.79076,
	35.68079,139.78919,
	35.68032,139.78833,
	35.67906,139.78843,
	35.67953,139.78841,
	35.67972,139.78704,
	35.67873,139.78649,
	35.67839,139.78599,
	35.67802,139.78668,
	35.67768,139.78672,
	35.67767,139.78692,
	35.6777,139.78697,
	35.67833,139.78762,
	35.67842,139.78741,
	35.67892,139.78766,
	35.6791,139.78701,
	35.67924,139.78647,
	35.67968,139.78617,
	35.67962,139.78591,
	35.68019,139.78569,
	35.68057,139.78662,
	35.68034,139.78686,
	35.68062,139.78756,
	35.68107,139.78827,
	35.68194,139.78904,
	35.68186,139.7887,
	35.68239,139.78733,
	35.68206,139.78779,
	35.68195,139.78741,
	35.68152,139.78769,
	35.68141,139.78719,
	35.68137,139.78636,
	35.68182,139.7861,
	35.68213,139.78622,
	35.68265,139.78647,
	35.68273,139.78696,
	35.68283,139.78677,
	35.68347,139.78708,
	35.68325,139.78723,
	35.68363,139.78804,
	35.68317,139.78823,
	35.68294,139.78925,
	35.6826,139.78988,
	35.68238,139.79041,
	35.68257,139.79082,
	35.68282,139.79082,
	35.6833,139.79067,
	35.68358,139.79032,
	35.68383,139.78994,
	35.68449,139.78971,
	35.68512,139.78954,
	35.68475,139.78875,
	35.68446,139.78817,
	35.68457,139.78841,
	35.68487,139.78835,
	35.68542,139.7886,
	35.68581,139.78837,
	35.6862,139.78758,
	35.68602,139.78703,
	35.68541,139.78738,
	35.68515,139.78773,
	35.68503,139.7874,
	35.6852,139.78688,
	35.68467,139.78665,
	35.68491,139.78647,
	35.68503,139.78645,
	35.68529,139.78621,
	35.68549,139.78563,
	35.68573,139.78527,
	35.6854,139.78478,
	35.68581,139.78466,
	35.68566,139.78446,
	35.68552,139.784,
	35.68573,139.78373,
	35.68554,139.78319,
	35.68597,139.78294,
	35.68589,139.7828,
	35.68562,139.78283,
	35.68541,139.7823,
	35.68518,139.78158,
	35.68477,139.78176,
	35.68453,139.78218,
	35.68403,139.7819,
	35.68372,139.78179,
	35.68329,139.7812,
	35.68283,139.78123,
	35.683,139.78035,
	35.6827,139.78058,
	35.68224,139.78046,
	35.68228,139.78069,
	35.68184,139.78105,
	35.6818,139.7815,
	35.68185,139.78207,
	35.68258,139.78234,
	35.68282,139.78211,
	35.68305,139.78254,
	35.68329,139.78296,
	35.68384,139.78274,
	35.68389,139.78362,
	35.68346,139.78348,
	35.68333,139.78418,
	35.68325,139.78479,
	35.68368,139.78484,
	35.68385,139.78427,
	35.68405,139.78452,
	35.68448,139.78406,
	35.68479,139.78386,
	35.68502,139.78374,
	35.68501,139.78365,
	35.68499,139.78361,
